public/data/weather/current/AsyncTesttemp.json
{"header": { "discipline": 0, "disciplineName": "Meteorological products", "gribEdition": 2, "gribLength": 863400, "center": 7, "centerName": "US National Weather Service - NCEP(WMC)", "subcenter": 0, "refTime": "2023-10-08T18:00:00.000Z", "significanceOfRT": 1, "significanceOfRTName": "Start of forecast", "productStatus": 0, "productStatusName": "Operational products", "productType": 1, "productTypeName": "Forecast products", "productDefinitionTemplate": 0, "productDefinitionTemplateName": "Analysis/forecast at horizontal level/layer at a point in time", "parameterCategory": 0, "parameterCategoryName": "Temperature", "parameterNumber": 0, "parameterNumberName": "Temperature", "parameterUnit": "K", "genProcessType": 2, "genProcessTypeName": "Forecast", "forecastTime": 0, "surface1Type": 103, "surface1TypeName": "Specified height level above ground", "surface1Value": 80.0, "surface2Type": 255, "surface2TypeName": "Missing", "surface2Value": 0.0, "gridDefinitionTemplate": 0, "gridDefinitionTemplateName": "Latitude_Longitude", "numberPoints": 3185, "shape": 6, "shapeName": "Earth spherical with radius of 6,371,229.0 m", "gridUnits": "degrees", "resolution": 48, "winds": "true", "scanMode": 0, "nx": 65, "ny": 49, "basicAngle": 0, "lo1": 104, "la1": 36, "lo2": 120, "la2": 24, "dx": 0.25, "dy": 0.25 }, "data":
[rows 0 to 27 of 49, columns 0 to 63 of 65]
-9999,-9999,-9999,-9999,-9999,-9999,-9999,-9999,-9999,-9999,-9999,-9999,-9999,-9999,295.8926,295.6505,295.447,295.027,294.645,294.8598,294.4478,295.0271,295.1494,294.995,294.9861,294.9865,295.1092,294.8857,294.8047,294.6754,294.6987,294.3477,294.0437,293.5041,292.7026,293.1313,292.1763,291.0687,291.1939,291.3257,291.6504,291.5299,291.5181,291.4578,291.3323,290.9709,290.7191,290.5764,290.489,290.2812,290.1862,290.0456,289.8344,289.5951,289.4398,289.3401,289.3279,289.1934,288.9508,288.7961,289.0815,289.354,289.6291,289.8252
-9999,-9999,-9999,-9999,-9999,-9999,-9999,-9999,-9999,-9999,-9999,-9999,-9999,296.0246,295.5208,295.1899,295.0409,294.6837,294.291,294.5363,294.6137,294.6616,294.8089,295.0346,295.2128,295.4639,295.3723,294.9655,293.8813,293.7862,293.8364,293.852,293.324,292.789,291.9545,293.1217,293.2669,292.5497,292.2898,291.9854,291.6277,291.4481,291.2476,291.1241,290.9602,290.7613,290.3612,290.3167,290.3008,290.1355,289.7791,289.6896,289.6685,289.7106,289.5068,289.3792,289.3558,289.2273,289.104,289.117,289.5187,289.7044,289.8503,289.9108
-9999,-9999,-9999,-9999,-9999,-9999,-9999,-9999,-9999,-9999,-9999,-9999,-9999,295.5017,294.9842,294.7157,294.6163,294.2738,293.8932,-9999,-9999,294.1529,294.2668,294.6348,295.0807,295.2256,295.1432,294.6855,293.9251,293.1707,293.2379,293.3585,293.2048,292.6741,291.9107,292.5141,292.7657,292.1911,291.9921,291.7629,291.5132,291.1468,291.1593,291.4655,291.8009,291.9753,291.6627,291.2839,290.9729,290.6084,290.2896,290.1926,290.1487,290.379,290.1688,289.9869,289.9518,289.7526,289.7651,289.8717,290.0023,289.8916,289.8608,289.8309
-9999,-9999,-9999,-9999,-9999,-9999,-9999,-9999,-9999,-9999,-9999,-9999,-9999,295.402,294.9528,294.7281,294.6539,294.4735,-9999,-9999,-9999,294.2432,294.56,294.7816,294.9356,294.8871,294.9333,294.5308,294.0932,293.5753,293.9851,293.8597,293.6994,293.4692,293.1725,292.7267,292.3412,291.9684,291.5235,291.3307,291.3822,291.6271,291.9132,292.2415,292.4176,292.4519,292.1689,291.8209,291.5211,291.1649,290.9749,290.8969,290.7947,290.815,290.5494,290.3511,290.2113,290.1818,290.342,290.2811,290.1594,289.9335,289.6352,289.4355
-9999,-9999,-9999,-9999,-9999,-9999,-9999,-9999,-9999,-9999,-9999,-9999,-9999,295.5005,295.1392,294.9138,295.1355,295.02,294.726,294.4658,294.5656,294.9156,295.2944,295.269,295.1295,294.9215,294.8526,294.7027,294.5941,294.3973,294.1396,293.8152,293.5449,293.3251,293.0781,292.6237,292.2796,292.0271,291.7928,291.9542,292.1603,292.3888,292.5797,292.6621,292.7208,292.6649,292.4511,292.2225,291.9618,291.7105,291.5883,291.431,291.1633,290.8789,290.4949,290.326,290.2628,290.2732,290.3081,290.1454,289.9163,289.6338,289.3572,289.1442
-9999,-9999,-9999,-9999,-9999,-9999,-9999,-9999,-9999,-9999,-9999,-9999,295.4495,295.3947,295.3495,295.3936,295.3782,295.319,295.2189,295.147,295.157,295.1464,295.0177,294.6721,294.2954,294.1152,293.8436,293.959,294.1302,294.1564,293.9966,293.7324,293.4423,293.1711,292.97,292.6523,292.3532,292.2176,292.2814,292.4889,292.6656,292.8095,292.886,292.8103,292.688,292.5548,292.3816,292.1977,292.0373,291.9062,291.8283,291.6149,291.1678,290.6747,290.1917,290.1295,290.155,290.198,290.1924,290.03,289.7917,289.4657,289.1537,288.9442
-9999,-9999,-9999,-9999,-9999,-9999,-9999,-9999,-9999,-9999,-9999,-9999,294.6128,294.5089,294.6831,294.8441,294.9946,295.0888,295.0907,295.0064,294.8705,294.5593,293.9875,293.0079,292.9669,293.0341,292.7726,293.0644,293.4556,293.7159,293.6998,293.5536,293.3342,293.0448,292.7323,292.5666,292.561,292.6663,292.8818,292.9333,292.9946,293.012,292.9454,292.7224,292.3719,292.1011,291.8823,291.7082,291.5734,291.4664,291.4186,291.2674,290.8331,290.2032,289.6235,289.7166,290.1046,290.2318,290.115,289.8537,289.5289,289.3761,289.1246,288.9981
-9999,-9999,-9999,-9999,-9999,-9999,-9999,-9999,-9999,-9999,-9999,-9999,-9999,-9999,293.3517,293.795,294.0804,294.3344,294.7229,294.5168,294.2334,293.7198,292.8726,291.4722,291.4685,291.8605,292.1364,292.1076,292.2773,292.6745,293.1262,293.1584,292.955,292.6725,292.3407,292.0508,292.209,292.5804,292.9851,293.0114,292.911,292.8485,292.7123,292.4677,292.0397,291.585,291.2473,291.0478,290.9458,290.8292,290.7462,290.8054,290.8369,290.7419,290.4766,290.1614,289.8055,289.7787,289.6239,289.4487,289.3475,289.2574,289.1631,289.189
-9999,-9999,-9999,-9999,-9999,-9999,-9999,-9999,-9999,-9999,-9999,-9999,-9999,-9999,-9999,-9999,-9999,-9999,293.2813,293.1606,292.6378,292.0648,292.1241,292.3255,292.4458,292.4661,292.4924,291.6268,291.3252,291.7692,292.5754,292.62,292.5989,292.3317,292.0157,291.867,292.1678,292.4758,292.8711,292.8907,292.8482,292.6721,292.4848,292.2449,291.8631,291.3513,290.8775,290.6393,290.6476,290.6231,290.5284,290.5353,290.7181,290.7544,290.5995,290.2748,289.9279,289.7151,289.4338,289.2234,289.1951,289.2767,289.382,289.3329
-9999,-9999,-9999,-9999,-9999,-9999,-9999,-9999,295.2732,-9999,-9999,-9999,-9999,-9999,-9999,-9999,-9999,-9999,-9999,-9999,292.1483,292.3627,292.5052,292.5792,292.6227,292.6843,292.7296,292.7475,292.2337,291.8973,292.153,292.3401,292.2553,292.0741,291.8898,292.0662,292.2683,292.4592,292.6845,292.7012,292.6705,292.5452,292.393,292.1954,291.8923,291.347,290.8062,290.4699,290.6323,290.9351,291.0426,290.9274,290.7252,290.7235,290.6446,290.4076,290.157,289.9223,289.7108,289.4983,289.4552,289.4938,289.5219,289.4792
-9999,-9999,-9999,-9999,-9999,-9999,-9999,-9999,294.7782,-9999,-9999,-9999,-9999,-9999,-9999,-9999,-9999,-9999,-9999,-9999,293.3068,293.3116,293.1761,292.8659,292.7013,292.5529,292.6055,292.924,292.7603,292.1831,291.8289,291.9973,291.9907,291.9922,291.9201,292.2297,292.3165,292.4267,292.512,292.546,292.4907,292.3982,292.1973,292.1281,291.8664,291.3277,290.6125,290.0143,289.7657,290.3891,291.1458,291.5565,291.2354,290.7681,290.6087,290.4436,290.2772,290.1051,290.0042,289.8162,289.7751,289.7567,289.6711,289.5759
-9999,-9999,-9999,-9999,-9999,-9999,-9999,-9999,293.8968,293.678,293.7718,293.7386,293.7869,293.9794,294.0119,293.7317,293.6131,-9999,-9999,293.8961,293.8271,293.4936,293.2534,293.0537,292.8611,292.4623,292.2555,292.4025,292.5346,292.5251,292.1326,292.1463,291.7926,291.6887,291.7968,292.0624,292.2198,292.2184,292.2234,292.316,292.2704,292.2503,292.1488,291.9103,291.6021,291.2116,290.7027,290.1299,290.026,290.8299,291.3003,291.5341,291.2445,290.928,290.7452,290.5276,290.3314,290.0912,290.0346,290.037,290.0322,290.0287,289.8886,289.7335
-9999,-9999,-9999,-9999,-9999,-9999,-9999,-9999,293.0511,292.8499,293.049,293.4484,294.0803,294.4388,294.4141,294.0609,293.8155,293.8278,293.9582,293.9774,293.6236,293.316,293.1909,293.1772,292.9809,292.6273,292.1382,292.0477,291.9211,291.9812,292.1596,292.2036,291.8433,291.496,291.4001,291.5913,291.9073,292.0362,291.9591,291.8717,291.7951,291.9196,291.9269,291.8022,291.4393,291.0414,290.8875,290.8489,290.9178,290.958,291.175,291.1868,290.9541,290.7902,290.7384,290.6411,290.4568,290.2003,290.162,290.1933,290.2563,290.3353,290.2254,289.9895
-9999,-9999,-9999,-9999,-9999,-9999,293.3722,293.0841,292.8569,292.8682,293.2434,294.0242,294.4427,294.6165,294.4581,294.4773,294.4411,294.2472,294.114,293.8802,293.4899,293.3302,293.0186,292.8986,292.5792,292.403,292.15,292.1305,292.037,291.8198,291.8044,291.9518,291.6649,291.3419,291.1193,291.1111,291.4037,291.6742,291.7869,291.6167,291.3118,291.547,291.7307,291.7142,291.5508,291.2163,291.0523,291.0322,291.0943,291.0547,291.0257,290.9672,290.8203,290.7479,290.726,290.5815,290.4236,290.2866,290.3156,290.3564,290.4051,290.4633,290.4635,290.3516
-9999,-9999,-9999,-9999,-9999,293.0611,293.1409,293.2231,293.3087,293.6214,294.0861,294.2389,294.2368,294.4554,294.6489,294.825,294.6746,294.4233,294.1682,293.7145,293.5657,293.3524,292.8398,292.5934,292.4354,292.38,292.1587,292.2132,292.279,292.2973,292.0923,291.9923,291.662,291.3521,291.0338,290.9042,290.9023,291.1275,291.3162,291.498,291.2495,291.3752,291.5598,291.6436,291.518,291.2854,291.089,290.9419,290.8735,290.8404,290.8225,290.7853,290.7247,290.7185,290.7145,290.5955,290.4156,290.3516,290.4329,290.3893,290.4478,290.5432,290.5628,290.5603
-9999,-9999,-9999,293.0414,293.0572,293.1048,293.3623,293.5409,293.6718,294.0973,294.0794,293.8711,293.923,294.4482,295.0172,294.9413,294.7866,294.3751,293.7094,293.4709,-9999,-9999,292.8137,292.7918,293.1622,292.9864,292.5787,292.0959,292.0009,292.3088,292.3565,292.1823,291.8178,291.4858,291.1676,290.9062,290.7533,290.8956,290.8524,290.8563,291.2423,291.505,291.5368,291.5282,291.465,291.4242,291.2486,291.0081,290.8065,290.7418,290.7347,290.6705,290.571,290.4806,290.4527,290.3795,290.3645,290.4149,290.4898,290.5509,290.5852,290.6721,290.6939,290.6917
-9999,-9999,292.6785,292.6366,293.0212,293.1216,293.4039,293.6453,293.7378,294.0659,294.3656,294.5793,294.6617,294.6409,294.595,294.682,294.554,294.0149,292.8983,-9999,-9999,-9999,-9999,-9999,293.6245,-9999,-9999,291.7548,291.3854,291.695,292.2227,292.1196,291.8202,291.4748,291.0532,290.6736,290.593,290.875,290.7244,290.6598,291.1954,291.5825,291.7118,291.7379,291.704,291.6211,291.4533,291.1911,290.9112,290.7935,290.8074,290.6861,290.5806,290.4126,290.4617,290.3947,290.4267,290.5228,290.6299,290.7166,290.8061,290.8356,290.8334,290.7942
-9999,-9999,292.5678,292.8844,293.1405,293.1525,293.2831,293.3382,293.6235,293.9836,294.1659,294.2286,294.2075,294.0129,294.0331,294.2505,294.3805,294.2851,294.0537,-9999,-9999,-9999,-9999,-9999,-9999,-9999,-9999,-9999,291.1052,291.393,291.8716,292.0403,291.7622,291.5297,291.1752,290.8358,290.8488,291.1852,291.3431,291.3793,291.6743,291.9404,291.9067,291.7989,291.6822,291.5117,291.4494,291.3547,290.9963,290.7789,290.7761,290.6484,290.5836,290.5506,290.6114,290.4366,290.5658,290.69,290.7565,290.7721,290.8236,291.098,291.0048,290.8737
-9999,-9999,292.7652,293.0176,293.2037,293.2328,293.3045,293.2716,293.4716,293.7563,293.8032,293.8062,293.8963,293.7435,293.8037,293.9637,294.128,294.245,293.862,293.8358,293.7699,293.5431,-9999,-9999,-9999,-9999,-9999,-9999,290.7314,291.126,291.703,292.0408,291.7863,291.9126,291.7801,291.4878,291.3973,291.607,291.8189,291.9057,292.0243,292.1652,292.1377,291.7503,291.5067,291.3081,291.4203,291.2502,291.2939,290.8999,290.7152,290.5608,290.5813,290.7239,290.8,290.5474,290.5335,290.6743,290.7491,290.7493,291.0697,291.2625,291.3737,291.1292
-9999,292.5979,292.9631,293.1534,293.3019,293.3669,293.2412,293.3824,293.4887,293.4626,293.2717,293.2071,293.4015,293.6497,293.9382,294.2191,294.4192,294.4318,293.9972,293.748,293.5211,293.2146,-9999,-9999,-9999,-9999,-9999,-9999,290.2008,290.691,291.5367,292.1079,291.5819,291.7278,291.8277,291.8363,291.9695,291.9752,292.0634,292.1418,292.1425,292.1158,291.8255,291.5517,291.3178,291.2361,291.4551,291.3224,291.3205,291.312,291.1731,291.101,291.032,291.0067,290.9773,290.6824,290.7548,290.6692,290.8208,290.9156,291.3669,291.7258,291.7899,291.6777
293.0875,293.1254,293.5464,293.5405,293.454,293.2714,293.2475,293.3333,293.2679,293.0133,292.8537,293.1221,293.3872,293.605,293.816,294.0073,294.1836,294.3232,294.2629,294.1815,294.0582,293.7622,292.8346,292.0737,291.394,290.9041,290.6781,290.6428,290.4667,291.0224,291.7172,291.9826,291.2699,291.3588,291.6073,291.7231,291.8442,291.8453,291.9389,292.0264,292.0406,291.9421,291.771,291.5778,291.2009,291.2962,291.4077,291.2819,291.2974,291.2844,290.795,290.8704,291.0804,291.1495,291.1124,290.8941,290.8975,290.9646,290.8439,291.0297,291.3703,291.7484,291.8613,291.942
292.7304,293.347,294.1133,293.924,293.5079,293.2791,293.2337,293.1983,293.0174,292.8194,292.9623,293.2158,293.4943,293.6227,293.758,293.9408,294.0986,293.8633,294.1367,294.3326,294.1944,293.2473,291.8795,292.1103,291.5455,290.7867,290.5177,290.4272,291.5234,291.647,291.7177,291.4627,291.0628,291.0905,291.2186,291.3679,291.4524,291.633,291.8078,291.8479,291.884,291.8133,291.771,291.7975,291.7419,291.5422,291.4724,291.2083,290.974,290.8994,290.9397,290.8898,290.8965,290.9147,290.9962,290.9936,291.0309,291.0354,291.052,290.9911,290.9639,291.129,291.08,291.2624
292.9204,293.5952,294.1917,294.0888,293.7381,293.5179,293.5165,293.4077,293.163,293.1254,293.4332,293.4664,293.6552,293.8606,294.0233,294.0944,293.7995,293.6639,293.9785,293.7561,292.7031,291.4276,290.9145,291.7378,291.4762,291.3787,291.2768,291.0452,291.0592,291.6017,291.6691,291.353,291.1854,291.0945,291.133,291.2003,291.2342,291.4052,291.5703,291.7234,291.7172,291.6755,291.6159,291.6604,291.6746,291.654,291.6469,291.3888,291.1568,291.071,291.0732,291.012,290.9062,290.9769,290.9829,291.08,291.1529,291.0749,291.0586,290.9925,290.8882,290.5484,290.9597,291.0456
292.8418,293.2261,293.9368,294.0551,293.8914,293.8535,293.9445,293.8309,293.5534,293.7894,294.0438,293.7927,293.7154,293.9396,293.9902,293.9294,293.6317,293.3128,293.4489,292.8844,292.1599,291.0492,290.9495,291.169,291.0025,290.9976,291.0985,291.328,291.4928,291.2023,291.3569,291.3378,291.3622,291.321,291.2758,291.2228,291.2644,291.3618,291.4365,291.4998,291.5512,291.5199,291.4812,291.5122,291.5124,291.4971,291.4833,291.4035,291.4783,291.4327,291.2893,291.1238,291.1001,291.0261,291.1488,291.1767,291.2487,291.1703,291.1686,291.0152,290.8127,290.5187,290.3761,290.9859
293.3268,293.1636,293.799,294.0361,293.954,293.9005,293.9914,293.9297,293.8568,294.3533,294.3488,294.2077,293.8497,293.8165,293.8248,293.5873,293.4756,292.8236,292.6312,292.3182,291.6272,291.0546,291.2166,290.9688,291.0997,291.3704,291.2713,291.4944,291.7858,291.6246,291.3057,291.2892,291.3484,291.5187,291.5025,291.4129,291.3366,291.4879,291.6026,291.6483,291.5523,291.5297,291.5668,291.5901,291.5687,291.5204,291.5035,291.575,291.46,291.3221,291.2315,291.1391,291.2184,291.2625,291.3079,291.2528,291.309,291.3395,291.395,291.076,290.7634,290.6107,290.6237,290.6428
293.142,293.2967,293.7834,293.9879,293.8977,293.7719,293.7922,293.7974,294.0322,294.1781,294.2737,294.5353,293.9951,293.6369,293.4611,293.5452,293.5297,292.867,292.5084,292.3798,291.711,291.2285,291.5077,291.8368,292.2439,292.011,292.0562,291.7465,291.9104,291.7527,291.5928,291.4245,291.3944,291.6226,291.6525,291.6256,291.5838,291.6769,291.899,291.9797,291.8572,291.6072,291.5613,291.5765,291.5812,291.579,291.5996,291.6577,291.5084,291.3376,291.0095,291.094,291.3803,291.6041,291.4822,291.4435,291.4265,291.5225,291.6393,291.1951,290.8848,290.8502,291.0102,291.0478
293.2915,293.4635,293.6796,293.7442,293.8777,294.1258,294.0663,294.0996,293.8665,293.6819,293.8766,294.2641,293.7567,293.4594,293.5297,293.5158,293.3668,293.0709,292.9449,292.3926,291.9669,291.4026,292.1055,292.9755,293.0058,292.6045,292.2237,291.8228,291.8045,291.7235,291.5827,291.5797,291.6102,291.7199,291.7224,291.7504,291.7649,291.9936,292.3066,292.3943,292.2638,292.0129,291.7812,291.615,291.5426,291.4264,291.3894,291.4379,291.3795,291.2041,290.8399,291.0352,291.5118,291.8262,291.6218,291.5397,291.6237,291.903,291.4005,291.6246,291.4601,291.2943,291.2433,291.1955
293.3416,293.6725,293.8118,293.8435,293.9232,294.0044,294.1578,294.2543,294.2483,294.2751,294.1936,293.9693,293.5869,293.5725,293.2854,293.0055,292.8271,292.8893,292.6666,292.5741,291.908,292.0118,292.5687,292.6477,292.406,292.2807,291.929,291.8633,291.747,291.677,291.6439,291.6339,291.7222,291.7483,291.8748,291.9838,292.0987,292.1468,292.4554,292.5814,292.5003,292.2731,292.0969,292.2858,292.0732,291.7304,291.5168,291.4305,291.331,291.2478,291.2745,290.6352,291.4386,291.6684,291.6677,291.6415,291.6527,291.6949,291.8774,292.1554,292.2169,292.0569,291.8947,291.519
